2 2 2 2 2 2 2 2 2 2 2 2 2 2 2 2
6 5 2 2 2 2 2 2 2 2 2 2 2 2 2 2
10 5 1 7 2 2 2 2 2 2 2 2 2 2 2 2
10 5 5 1 2 2 2 2 2 2 2 2 2 2 2 2
10 1 1 7 7 2 2 2 7 3 1 2 2 2 2 2
1 1 1 7 1 1 1 5 7 1 7 2 2 2 2 2
1 5 5 7 1 5 6 10 7 7 1 2 2 2 1 2
8 5 10 10 7 10 1 10 1 10 7 1 1 10 10 2
1 1 1 4 4 10 1 1 1 10 10 1 6 1 10 7
1 7 7 1 4 5 7 7 1 5 5 4 4 5 5 5
10 10 9 1 4 5 1 7 1 1 1 1 4 5 1 6
10 10 10 1 5 5 1 7 1 1 7 1 1 5 7 11
1 7 7 7 6 1 7 8 7 7 7 1 1 5 7 1
1 1 7 5 1 7 7 7 1 1 7 1 1 7 8 1
10 1 5 5 1 7 6 10 10 9 4 4 4 7 7 1
10 10 1 5 1 1 5 5 10 10 1 4 4 6 1 1
