2 2 2 2 2 2 8 7 7 5 9 1 1 1 4 4
2 2 2 2 2 2 2 10 10 5 1 7 7 7 7 1
2 2 2 2 2 2 1 10 1 5 5 1 7 7 7 5
2 2 2 2 2 3 1 1 6 5 5 4 1 1 5 5
2 2 2 2 2 2 2 1 1 1 4 4 4 10 1 5
2 2 2 2 2 7 1 7 10 10 4 7 7 7 1 1
2 2 2 10 10 1 7 10 10 9 1 1 7 1 1 10
2 2 2 2 7 7 7 1 1 1 1 5 5 11 10 1
2 2 2 2 2 5 10 8 1 7 5 6 1 5 10 5
2 2 2 2 2 2 5 1 1 7 1 1 7 7 6 5
2 2 2 2 2 2 5 1 10 7 10 5 1 7 7 1
2 2 2 2 2 1 1 7 1 10 1 5 5 1 1 1
1 2 7 1 7 7 7 7 1 1 1 1 5 5 5 5
5 2 7 5 1 1 5 10 1 1 4 8 1 6 5 1
2 2 2 1 10 10 6 5 1 1 1 1 7 10 10 10
2 2 2 2 1 10 1 1 1 1 7 9 1 1 10 10



