5 10 10 10 10 6 5 8 1 10 2 2 2 2 2 2
5 11 10 7 7 4 4 1 1 10 2 2 2 2 2 2
5 7 7 1 5 5 4 1 1 2 2 2 2 2 2 2
1 1 1 1 1 1 1 6 1 7 7 2 2 2 2 2
1 1 1 1 1 1 5 1 1 1 7 2 2 2 2 2
1 1 1 7 9 1 5 10 7 1 7 1 1 2 2 2
1 8 1 7 1 1 5 10 10 7 2 2 1 2 2 2
4 1 1 7 1 1 1 1 2 2 2 2 3 2 2 2
4 4 7 1 7 7 7 1 2 2 2 2 2 2 2 2
4 4 7 7 1 1 7 1 1 6 1 2 2 2 2 2
1 7 7 1 1 1 1 1 1 5 1 2 2 2 2 2
1 1 1 10 10 1 1 1 7 1 1 7 2 2 2 2
5 5 5 10 1 1 4 1 5 7 7 7 2 2 2 2
9 5 7 10 4 4 1 1 5 6 1 1 2 2 2 2
10 1 1 7 4 4 1 1 5 2 2 2 2 2 2 2
10 10 5 6 5 4 1 1 9 2 2 2 2 2 2 2
