10 10 11 5 1 1 5 5 5 1 1 1 1 6 1 1
10 1 5 5 1 7 6 5 1 8 1 1 1 7 1 9
1 1 7 5 1 7 7 7 1 1 4 4 1 7 10 1
1 7 7 7 10 1 7 1 7 7 7 4 4 4 7 10
9 5 5 4 10 10 1 7 1 7 7 1 4 5 7 10
5 5 4 4 1 10 1 7 1 1 1 1 1 5 8 6
1 4 4 4 1 10 7 7 1 5 5 5 1 5 5 5
1 1 1 1 1 10 1 1 1 10 10 1 6 1 10 7
8 5 10 10 7 10 1 10 1 10 7 1 1 10 1 1
1 5 5 7 1 5 6 10 7 7 1 1 7 2 7 1
1 1 1 7 1 1 1 5 7 1 7 7 7 2 2 2
10 1 1 7 7 2 2 2 7 1 1 2 2 2 2 2
10 5 2 2 3 2 2 2 2 1 1 2 2 2 2 2
2 2 2 2 2 2 2 2 2 2 2 2 2 2 2 2
2 2 2 2 2 2 2 2 2 2 2 2 2 2 2 2
2 2 2 2 2 2 2 2 2 2 2 2 2 2 2 2


